X <-
structure(list(X1 = 1:5, X2 = structure(1:5, .Label = c("A", 
"B", "C", "D", "E"), class = "factor"), X3 = c(0.676933299195172, 
-0.110756928918478, 0.350444648191851, -0.0759653061776931, 0.734427045454581
)), class = "data.frame", row.names = c(NA, -5L))
